                                                                                                        ,          ,
                                                                                                         ,0      0,
                                                                                                           ,0   0,
                                                                                                ,,,,,,,,0,,000,,0
                                                                                              ,,,,,,,00  000    0
                                                                                            ,,,,,,,00        00  0
                                                                                          ,,,,,,,000,    0000  0  0
                                                                                        ,,,,,,,00000,   00,000  0             101
                                                                                        ,,,,,,,000000   00, ,0 0            000
                                                                                        ,,,,,,,,000000    0000            000
                                                                                          ,,,,,,,000000   0  0          000
                                                                                        ,,,,,,,,,,,0000    0 (        000
                                                                                       ,,,,,,,,,,,,,,,000   0,      000
                                                                                    ,,,,,,,,,,,,,,,,,0,,,00,,,    101
                                                                                  ,,,,,,,,,,,,,,,,,,,0,,,00,,,   000
                                                                                ,,,,,,,,,,,,,,,,,,,,,0,,,00 ,, 000
                                                                              ,,,,,,,,,,,,,,,,,,,,,,,0,000,0,000     000
                                                                             ,,,,,,,,,  ,,,,,,,,,,,,0,000,,000     0000000
                                                                            ,,,,,,,     ,,,,,,,,,,,,000,,000     0000000000
                                                                           ,,,,,,,      ,,,,,,,,,,000,000,,,0 0,,,00  00000
                                                                          ,,,,,,        ,,,,,,,000,,000,,,,,,,,,,0    00000
                                                                          ,,,,,        00,,0000,,,000   0,,,,,,0        00
                                                                          ,,,,,,     00,,,,,,,,000,      0,,,0
                                                                           ,,,,,,  00,,0000,,000,0
                                                                             ,,,0000000000000000000000000000000
                                                                              0000@0000000000000000000000000000000
                                                                             0000000000000000000000000000000000000
                                                                             0000000000000000000000000000000000000
                                                                            0000000000000000000000000     0000000
                                                                           000000000000000000000000000    000000
                                                                              000   000000000000        000000
                                                                            000       000000000000    000000
                                                                          000           000000000000 000000
                                                                        000                00000000000000
                                                                      000                    0000000000
                                                                    000                       00000000000
                                                                  000                         00000000000
                                                                000                           000000000000
                                                              000                            0000  0000000
                                                           101                             00000  0000000
                                                         000                              00000   000000
                                                       000                                  0000 000000
                                                     000                                     000000000
                                                   000                                         000000
                                                 101                                         000000
                                                                                            000000
                                                                                           000000
                                                                                             0000
                                                                                              000
                                                                                               000

                                                     吾乃斗战圣佛           齐天大圣           何方bug            报上名来





